1920 3 12
17622415249116583
1261 1357 1417 1753 1789 1717
141 1101 1806 1482 1473 771
161 481 161 1817 721 961
440 840 1080 826 460 80
# solutions_found 41
# distance_bound_overall 64
# latent_method Psi_3 kernel -> u^T H~X, v^T H~Z
# latent_note probabilistic search over Psi_3 / Psi_3^T kernels
# latent_x_upper 120
# latent_z_upper 120
# latent_min_upper 120
# latent_x_support [(0,138) (0,330) (0,522) (0,714) (0,906) (0,1098) (0,1290) (0,1482) (0,1674) (0,1866) (1,129) (1,321) (1,513) (1,705) (1,897) (1,1089) (1,1281) (1,1473) (1,1665) (1,1857) (2,3) (2,195) (2,387) (2,579) ...]
# latent_z_support [(0,118) (0,310) (0,502) (0,694) (0,886) (0,1078) (0,1270) (0,1462) (0,1654) (0,1846) (1,72) (1,264) (1,456) (1,648) (1,840) (1,1032) (1,1224) (1,1416) (1,1608) (1,1800) (2,120) (2,312) (2,504) (2,696) ...]
# nonlatent_method m-block-constant compression kernel -> lift
# nonlatent_note probabilistic search over all divisors m>=2 of P (best m_X=2, m_Z=32)
# nonlatent_x_upper 96
# nonlatent_z_upper 64
# nonlatent_min_upper 64
# nonlatent_x_m 2
# nonlatent_z_m 32
# nonlatent_x_support [(0,0) (0,40) (0,80) (0,120) (0,160) (0,200) (0,240) (0,280) (0,320) (0,360) (0,400) (0,440) (0,480) (0,520) (0,560) (0,600) (0,640) (0,680) (0,720) (0,760) (0,800) (0,840) (0,880) (0,920) ...]
# nonlatent_z_support [(6,1) (6,61) (6,121) (6,181) (6,241) (6,301) (6,361) (6,421) (6,481) (6,541) (6,601) (6,661) (6,721) (6,781) (6,841) (6,901) (6,961) (6,1021) (6,1081) (6,1141) (6,1201) (6,1261) (6,1321) (6,1381) ...]
