1920 3 12
17622415249116583
1001 1241 961 721 1601 121
254 1330 1840 1020 1200 10
1621 601 181 1237 301 1441
1047 210 303 1383 441 168
# solutions_found 11
# distance_bound_overall 60
# latent_method Psi_3 kernel -> u^T H~X, v^T H~Z
# latent_note probabilistic search over Psi_3 / Psi_3^T kernels
# latent_x_upper 60
# latent_z_upper 60
# latent_min_upper 60
# latent_x_support [(0,252) (0,636) (0,1020) (0,1404) (0,1788) (1,48) (1,432) (1,816) (1,1200) (1,1584) (2,10) (2,394) (2,778) (2,1162) (2,1546) (3,254) (3,638) (3,1022) (3,1406) (3,1790) (4,178) (4,562) (4,946) (4,1330) ...]
# latent_z_support [(0,309) (0,693) (0,1077) (0,1461) (0,1845) (1,45) (1,429) (1,813) (1,1197) (1,1581) (2,222) (2,606) (2,990) (2,1374) (2,1758) (3,69) (3,453) (3,837) (3,1221) (3,1605) (4,216) (4,600) (4,984) (4,1368) ...]
# nonlatent_method m-block-constant compression kernel -> lift
# nonlatent_note probabilistic search over all divisors m>=2 of P (best m_X=5, m_Z=15)
# nonlatent_x_upper 120
# nonlatent_z_upper 210
# nonlatent_min_upper 120
# nonlatent_x_m 5
# nonlatent_z_m 15
# nonlatent_x_support [(0,5) (0,11) (0,41) (0,101) (0,107) (0,257) (0,335) (0,359) (0,389) (0,395) (0,425) (0,485) (0,491) (0,641) (0,719) (0,743) (0,773) (0,779) (0,809) (0,869) (0,875) (0,1025) (0,1103) (0,1127) ...]
# nonlatent_z_support [(0,9) (0,31) (0,49) (0,55) (0,75) (0,125) (0,137) (0,159) (0,177) (0,183) (0,203) (0,253) (0,265) (0,287) (0,305) (0,311) (0,331) (0,381) (0,393) (0,415) (0,433) (0,439) (0,459) (0,509) ...]
