2688 3 12
17715147614460666
1769 1681 1289 1961 505 1513
2042 2660 1218 1162 1694 1498
733 1405 433 541 865 649
1335 1839 1548 2343 1080 1650
# solutions_found 1
# distance_bound_overall 64
# latent_method Psi_3 kernel -> u^T H~X, v^T H~Z
# latent_note probabilistic search over Psi_3 / Psi_3^T kernels
# latent_x_upper 84
# latent_z_upper 84
# latent_min_upper 84
# latent_x_support [(0,10) (0,394) (0,778) (0,1162) (0,1546) (0,1930) (0,2314) (1,158) (1,542) (1,926) (1,1310) (1,1694) (1,2078) (1,2462) (2,346) (2,730) (2,1114) (2,1498) (2,1882) (2,2266) (2,2650) (3,122) (3,506) (3,890) ...]
# latent_z_support [(0,237) (0,621) (0,1005) (0,1389) (0,1773) (0,2157) (0,2541) (1,180) (1,564) (1,948) (1,1332) (1,1716) (1,2100) (1,2484) (2,357) (2,741) (2,1125) (2,1509) (2,1893) (2,2277) (2,2661) (3,93) (3,477) (3,861) ...]
# nonlatent_method m-block-constant compression kernel -> lift
# nonlatent_note probabilistic search over all divisors m>=2 of P (best m_X=2, m_Z=32)
# nonlatent_x_upper 128
# nonlatent_z_upper 64
# nonlatent_min_upper 64
# nonlatent_x_m 2
# nonlatent_z_m 32
# nonlatent_x_support [(0,25) (0,67) (0,109) (0,151) (0,193) (0,235) (0,277) (0,319) (0,361) (0,403) (0,445) (0,487) (0,529) (0,571) (0,613) (0,655) (0,697) (0,739) (0,781) (0,823) (0,865) (0,907) (0,949) (0,991) ...]
# nonlatent_z_support [(0,67) (0,151) (0,235) (0,319) (0,403) (0,487) (0,571) (0,655) (0,739) (0,823) (0,907) (0,991) (0,1075) (0,1159) (0,1243) (0,1327) (0,1411) (0,1495) (0,1579) (0,1663) (0,1747) (0,1831) (0,1915) (0,1999) ...]
