3072 3 12
17613741499129833
121 2945 481 1601 2753 1153
838 2912 1560 1872 1264 672
2149 745 733 2773 745 301
741 1458 1323 2865 2610 1839
# solutions_found 239
# distance_bound_overall 48
# latent_method Psi_3 kernel -> u^T H~X, v^T H~Z
# latent_note probabilistic search over Psi_3 / Psi_3^T kernels
# latent_x_upper 48
# latent_z_upper 48
# latent_min_upper 48
# latent_x_support [(0,336) (0,1104) (0,1872) (0,2640) (1,496) (1,1264) (1,2032) (1,2800) (2,672) (2,1440) (2,2208) (2,2976) (3,70) (3,838) (3,1606) (3,2374) (4,608) (4,1376) (4,2144) (4,2912) (5,24) (5,792) (5,1560) (5,2328) ...]
# latent_z_support [(0,531) (0,1299) (0,2067) (0,2835) (1,345) (1,1113) (1,1881) (1,2649) (2,30) (2,798) (2,1566) (2,2334) (3,639) (3,1407) (3,2175) (3,2943) (4,693) (4,1461) (4,2229) (4,2997) (5,414) (5,1182) (5,1950) (5,2718) ...]
# nonlatent_method m-block-constant compression kernel -> lift
# nonlatent_note probabilistic search over all divisors m>=2 of P (best m_X=128, m_Z=256)
# nonlatent_x_upper 512
# nonlatent_z_upper 512
# nonlatent_min_upper 512
# nonlatent_x_m 128
# nonlatent_z_m 256
# nonlatent_x_support [(1,0) (1,12) (1,24) (1,36) (1,48) (1,60) (1,72) (1,84) (1,96) (1,108) (1,120) (1,132) (1,144) (1,156) (1,168) (1,180) (1,192) (1,204) (1,216) (1,228) (1,240) (1,252) (1,264) (1,276) ...]
# nonlatent_z_support [(6,0) (6,12) (6,24) (6,36) (6,48) (6,60) (6,72) (6,84) (6,96) (6,108) (6,120) (6,132) (6,144) (6,156) (6,168) (6,180) (6,192) (6,204) (6,216) (6,228) (6,240) (6,252) (6,264) (6,276) ...]
