3840 3 12
17622378158439083
3463 67 253 79 3337 1489
987 585 750 2175 420 2280
2521 3121 2561 413 2521 41
2380 2520 1280 510 3660 3380
# solutions_found 16
# distance_bound_overall 120
# latent_method Psi_3 kernel -> u^T H~X, v^T H~Z
# latent_note probabilistic search over Psi_3 / Psi_3^T kernels
# latent_x_upper 120
# latent_z_upper 120
# latent_min_upper 120
# latent_x_support [(0,255) (0,639) (0,1023) (0,1407) (0,1791) (0,2175) (0,2559) (0,2943) (0,3327) (0,3711) (1,36) (1,420) (1,804) (1,1188) (1,1572) (1,1956) (1,2340) (1,2724) (1,3108) (1,3492) (2,360) (2,744) (2,1128) (2,1512) ...]
# latent_z_support [(0,234) (0,618) (0,1002) (0,1386) (0,1770) (0,2154) (0,2538) (0,2922) (0,3306) (0,3690) (1,128) (1,512) (1,896) (1,1280) (1,1664) (1,2048) (1,2432) (1,2816) (1,3200) (1,3584) (2,168) (2,552) (2,936) (2,1320) ...]
# nonlatent_method m-block-constant compression kernel -> lift
# nonlatent_note probabilistic search over all divisors m>=2 of P (best m_X=32, m_Z=128)
# nonlatent_x_upper 128
# nonlatent_z_upper 256
# nonlatent_min_upper 128
# nonlatent_x_m 32
# nonlatent_z_m 128
# nonlatent_x_support [(0,65) (0,185) (0,305) (0,425) (0,545) (0,665) (0,785) (0,905) (0,1025) (0,1145) (0,1265) (0,1385) (0,1505) (0,1625) (0,1745) (0,1865) (0,1985) (0,2105) (0,2225) (0,2345) (0,2465) (0,2585) (0,2705) (0,2825) ...]
# nonlatent_z_support [(3,0) (3,30) (3,60) (3,90) (3,120) (3,150) (3,180) (3,210) (3,240) (3,270) (3,300) (3,330) (3,360) (3,390) (3,420) (3,450) (3,480) (3,510) (3,540) (3,570) (3,600) (3,630) (3,660) (3,690) ...]
