3840 3 12
17622378158439083
2269 337 721 2641 2353 1873
2907 468 2100 1908 300 1908
3761 2881 3041 3401 1441 1841
380 1360 280 1410 520 540
# solutions_found 1
# distance_bound_overall 96
# latent_method Psi_3 kernel -> u^T H~X, v^T H~Z
# latent_note probabilistic search over Psi_3 / Psi_3^T kernels
# latent_x_upper 96
# latent_z_upper 96
# latent_min_upper 96
# latent_x_support [(0,468) (0,948) (0,1428) (0,1908) (0,2388) (0,2868) (0,3348) (0,3828) (1,300) (1,780) (1,1260) (1,1740) (1,2220) (1,2700) (1,3180) (1,3660) (2,468) (2,948) (2,1428) (2,1908) (2,2388) (2,2868) (2,3348) (2,3828) ...]
# latent_z_support [(0,270) (0,750) (0,1230) (0,1710) (0,2190) (0,2670) (0,3150) (0,3630) (1,40) (1,520) (1,1000) (1,1480) (1,1960) (1,2440) (1,2920) (1,3400) (2,80) (2,560) (2,1040) (2,1520) (2,2000) (2,2480) (2,2960) (2,3440) ...]
# nonlatent_method m-block-constant compression kernel -> lift
# nonlatent_note probabilistic search over all divisors m>=2 of P (best m_X=6, m_Z=96)
# nonlatent_x_upper 120
# nonlatent_z_upper 192
# nonlatent_min_upper 120
# nonlatent_x_m 6
# nonlatent_z_m 96
# nonlatent_x_support [(0,163) (0,223) (0,363) (0,403) (0,423) (0,563) (0,603) (0,803) (0,863) (0,1003) (0,1043) (0,1063) (0,1203) (0,1243) (0,1443) (0,1503) (0,1643) (0,1683) (0,1703) (0,1843) (0,1883) (0,2083) (0,2143) (0,2283) ...]
# nonlatent_z_support [(3,31) (3,71) (3,111) (3,151) (3,191) (3,231) (3,271) (3,311) (3,351) (3,391) (3,431) (3,471) (3,511) (3,551) (3,591) (3,631) (3,671) (3,711) (3,751) (3,791) (3,831) (3,871) (3,911) (3,951) ...]
