3072 3 12
17613741499129833
2341 3041 929 2881 1121 2273
3034 2992 272 2080 1776 560
2239 319 1069 697 1249 2353
2907 411 2670 108 816 2808
# solutions_found 681
# distance_bound_overall 96
# latent_method Psi_3 kernel -> u^T H~X, v^T H~Z
# latent_note probabilistic search over Psi_3 / Psi_3^T kernels
# latent_x_upper 96
# latent_z_upper 96
# latent_min_upper 96
# latent_x_support [(0,160) (0,544) (0,928) (0,1312) (0,1696) (0,2080) (0,2464) (0,2848) (1,240) (1,624) (1,1008) (1,1392) (1,1776) (1,2160) (1,2544) (1,2928) (2,176) (2,560) (2,944) (2,1328) (2,1712) (2,2096) (2,2480) (2,2864) ...]
# latent_z_support [(0,180) (0,564) (0,948) (0,1332) (0,1716) (0,2100) (0,2484) (0,2868) (1,282) (1,666) (1,1050) (1,1434) (1,1818) (1,2202) (1,2586) (1,2970) (2,219) (2,603) (2,987) (2,1371) (2,1755) (2,2139) (2,2523) (2,2907) ...]
# nonlatent_method m-block-constant compression kernel -> lift
# nonlatent_note probabilistic search over all divisors m>=2 of P (best m_X=32, m_Z=192)
# nonlatent_x_upper 192
# nonlatent_z_upper 384
# nonlatent_min_upper 192
# nonlatent_x_m 32
# nonlatent_z_m 192
# nonlatent_x_support [(0,17) (0,113) (0,209) (0,305) (0,401) (0,497) (0,593) (0,689) (0,785) (0,881) (0,977) (0,1073) (0,1169) (0,1265) (0,1361) (0,1457) (0,1553) (0,1649) (0,1745) (0,1841) (0,1937) (0,2033) (0,2129) (0,2225) ...]
# nonlatent_z_support [(3,5) (3,21) (3,37) (3,53) (3,69) (3,85) (3,101) (3,117) (3,133) (3,149) (3,165) (3,181) (3,197) (3,213) (3,229) (3,245) (3,261) (3,277) (3,293) (3,309) (3,325) (3,341) (3,357) (3,373) ...]
