3072 3 12
17613741499129833
77 1121 97 1777 2465 1921
2438 2352 2864 2808 976 3008
2563 1033 2581 2287 1639 2653
2193 2628 426 1575 2019 2574
# solutions_found 36
# distance_bound_overall 48
# latent_method Psi_3 kernel -> u^T H~X, v^T H~Z
# latent_note probabilistic search over Psi_3 / Psi_3^T kernels
# latent_x_upper 48
# latent_z_upper 48
# latent_min_upper 48
# latent_x_support [(0,504) (0,1272) (0,2040) (0,2808) (1,208) (1,976) (1,1744) (1,2512) (2,704) (2,1472) (2,2240) (2,3008) (3,134) (3,902) (3,1670) (3,2438) (4,48) (4,816) (4,1584) (4,2352) (5,560) (5,1328) (5,2096) (5,2864) ...]
# latent_z_support [(0,183) (0,951) (0,1719) (0,2487) (1,126) (1,894) (1,1662) (1,2430) (2,732) (2,1500) (2,2268) (2,3036) (3,549) (3,1317) (3,2085) (3,2853) (4,666) (4,1434) (4,2202) (4,2970) (5,219) (5,987) (5,1755) (5,2523) ...]
# nonlatent_method m-block-constant compression kernel -> lift
# nonlatent_note probabilistic search over all divisors m>=2 of P (best m_X=128, m_Z=24)
# nonlatent_x_upper 256
# nonlatent_z_upper 480
# nonlatent_min_upper 256
# nonlatent_x_m 128
# nonlatent_z_m 24
# nonlatent_x_support [(10,12) (10,36) (10,60) (10,84) (10,108) (10,132) (10,156) (10,180) (10,204) (10,228) (10,252) (10,276) (10,300) (10,324) (10,348) (10,372) (10,396) (10,420) (10,444) (10,468) (10,492) (10,516) (10,540) (10,564) ...]
# nonlatent_z_support [(0,11) (0,23) (0,27) (0,42) (0,69) (0,104) (0,139) (0,151) (0,155) (0,170) (0,197) (0,232) (0,267) (0,279) (0,283) (0,298) (0,325) (0,360) (0,395) (0,407) (0,411) (0,426) (0,453) (0,488) ...]
