3840 3 12
17622378158439083
2431 3001 3001 1981 841 661
393 2100 1620 1290 780 3150
1601 481 2081 313 1921 1
96 144 112 3508 3264 1280
# solutions_found 39
# distance_bound_overall 128
# latent_method Psi_3 kernel -> u^T H~X, v^T H~Z
# latent_note probabilistic search over Psi_3 / Psi_3^T kernels
# latent_x_upper 480
# latent_z_upper 480
# latent_min_upper 480
# latent_x_support [(0,42) (0,138) (0,234) (0,330) (0,426) (0,522) (0,618) (0,714) (0,810) (0,906) (0,1002) (0,1098) (0,1194) (0,1290) (0,1386) (0,1482) (0,1578) (0,1674) (0,1770) (0,1866) (0,1962) (0,2058) (0,2154) (0,2250) ...]
# latent_z_support [(0,44) (0,140) (0,236) (0,332) (0,428) (0,524) (0,620) (0,716) (0,812) (0,908) (0,1004) (0,1100) (0,1196) (0,1292) (0,1388) (0,1484) (0,1580) (0,1676) (0,1772) (0,1868) (0,1964) (0,2060) (0,2156) (0,2252) ...]
# nonlatent_method m-block-constant compression kernel -> lift
# nonlatent_note probabilistic search over all divisors m>=2 of P (best m_X=32, m_Z=64)
# nonlatent_x_upper 128
# nonlatent_z_upper 128
# nonlatent_min_upper 128
# nonlatent_x_m 32
# nonlatent_z_m 64
# nonlatent_x_support [(2,4) (2,64) (2,124) (2,184) (2,244) (2,304) (2,364) (2,424) (2,484) (2,544) (2,604) (2,664) (2,724) (2,784) (2,844) (2,904) (2,964) (2,1024) (2,1084) (2,1144) (2,1204) (2,1264) (2,1324) (2,1384) ...]
# nonlatent_z_support [(4,0) (4,60) (4,120) (4,180) (4,240) (4,300) (4,360) (4,420) (4,480) (4,540) (4,600) (4,660) (4,720) (4,780) (4,840) (4,900) (4,960) (4,1020) (4,1080) (4,1140) (4,1200) (4,1260) (4,1320) (4,1380) ...]
